              precision    recall  f1-score   support

           0       0.14      0.01      0.02       980
           1       0.23      0.12      0.16      4120
           3       0.99      0.95      0.97     57598
           4       0.07      0.02      0.03      3957
           5       0.17      0.01      0.02      2480
           6       0.31      0.85      0.46      5865

    accuracy                           0.80     75000
   macro avg       0.32      0.33      0.28     75000
weighted avg       0.81      0.80      0.79     75000
