              precision    recall  f1-score   support

           0       0.00      0.00      0.00       980
           1       0.21      0.01      0.01      4120
           3       0.95      0.97      0.96     57598
           4       0.18      0.03      0.05      3957
           5       0.00      0.00      0.00      2480
           6       0.31      0.84      0.45      5865

    accuracy                           0.81     75000
   macro avg       0.28      0.31      0.25     75000
weighted avg       0.78      0.81      0.78     75000
