              precision    recall  f1-score   support

           0       0.23      0.01      0.02       980
           1       0.23      0.10      0.14      4120
           3       0.99      0.96      0.97     57598
           4       0.19      0.02      0.04      3957
           5       0.21      0.02      0.03      2480
           6       0.31      0.86      0.46      5865

    accuracy                           0.82     75000
   macro avg       0.36      0.33      0.28     75000
weighted avg       0.81      0.82      0.80     75000
